Output of compile_wait.scala on a GitHub-hosted runner, by varka-silent-giveups.yml.
run:     https://github.com/MaxGekk/spark/actions/runs/36936386636
commit:  a3c9ebd0662
cpu:     AMD EPYC 7763 64-Core Processor
java:    openjdk version "17.0.20" 2026-07-21 LTS
spark:   4.2.0

### 150 entries id + k, maxFields=200, in a stage: steady after 18956 ms at a median of 1076 ms over 35 queries
ms per query: 2091 1866 1698 1674 1656 1676 1663 1636 1641 1687 1668 1238 1101 1202 1089 1099 1106 1080 1101 1101 1081 1064 1077 1064 1099 1094 1109 1116 1073 1076 1069 1061 1086 1064 1070
### 150 entries id + k, maxFields=100 (the default), outside a stage: steady after 0 ms at a median of 749 ms over 59 queries
ms per query: 1115 777 785 753 755 786 768 753 751 769 764 759 768 751 775 787 751 755 752 761 744 754 756 799 752 750 749 755 756 764 758 760 772 787 751 764 758 756 749 753 748 744 759 784 749 747 744 753 751 747 758 749 773 754 748 745 743 753 744
### 99 entries id + k, the defaults, in a stage: steady after 2310 ms at a median of 656 ms over 67 queries
ms per query: 1228 1082 1059 783 660 653 653 652 653 657 658 657 656 655 649 653 658 679 655 666 658 650 664 654 656 651 652 651 655 655 650 662 665 658 651 655 650 651 651 662 651 648 652 649 654 652 660 675 659 653 656 649 648 650 661 649 658 649 649 650 654 661 712 660 656 651 659
### 99 entries id + k, wholeStage=false: steady after 0 ms at a median of 503 ms over 89 queries
ms per query: 688 511 496 507 508 500 505 502 508 509 501 499 499 501 513 519 501 511 532 500 500 499 500 505 500 502 495 525 500 498 505 510 500 501 500 502 499 500 519 509 506 503 497 502 526 519 499 492 498 499 496 507 497 510 498 501 508 506 499 500 503 499 501 502 501 490 505 500 503 501 527 503 500 501 509 501 500 511 499 503 503 514 507 511 512 498 498 499 496
### 60 sums by a key of ten values, the defaults, in a stage: steady after 0 ms at a median of 492 ms over 88 queries
ms per query: 1224 746 541 540 538 537 541 504 520 532 510 532 516 501 510 499 513 529 506 510 504 496 515 529 497 496 498 510 494 495 544 499 495 494 516 515 511 504 506 494 498 504 504 498 501 505 494 505 493 494 495 492 500 492 505 498 500 498 502 496 498 500 492 496 491 492 506 498 492 496 493 492 501 492 496 490 491 493 507 491 493 490 491 498 490 508 492 492
### 60 sums by a key of ten values, wholeStage=false: steady after 0 ms at a median of 818 ms over 54 queries
ms per query: 1517 1301 825 825 827 828 829 841 822 830 818 832 823 817 824 817 818 824 831 817 828 839 841 818 841 841 836 830 829 826 828 837 818 826 823 819 822 828 821 835 817 816 824 819 823 820 815 815 824 814 816 818 816 821
### Spark 4.2.0, Java 17.0.20
