Output of compile_wait.scala on a GitHub-hosted runner, by varka-silent-giveups.yml.
run:     https://github.com/MaxGekk/spark/actions/runs/36911698296
commit:  86568c80d94
cpu:     AMD EPYC 9V74 80-Core Processor
java:    openjdk version "21.0.12" 2026-07-21 LTS
spark:   4.2.0

### 150 entries id + k, maxFields=200, in a stage: steady after 17282 ms at a median of 693 ms over 52 queries
ms per query: 1550 1312 1310 1340 1253 1320 1339 1387 1333 1277 1300 1318 1243 1114 754 707 778 727 718 727 692 695 734 739 699 691 711 703 718 695 690 707 711 712 688 694 720 690 687 690 688 707 715 705 700 683 682 693 684 690 695 684
### 150 entries id + k, maxFields=100 (the default), outside a stage: steady after 0 ms at a median of 437 ms over 101 queries
ms per query: 664 509 456 448 443 442 447 444 447 444 452 444 452 444 440 445 443 438 446 455 517 444 441 437 438 443 436 435 436 439 457 450 450 434 435 433 441 441 437 465 485 449 435 442 440 434 434 434 435 450 450 438 441 444 437 437 434 440 442 459 475 449 452 477 439 440 447 430 435 456 448 434 439 435 438 437 430 438 436 459 486 442 436 437 437 435 438 435 436 450 453 434 433 433 437 434 439 435 438 461 471
### 99 entries id + k, the defaults, in a stage: steady after 2142 ms at a median of 436 ms over 100 queries
ms per query: 743 705 694 690 524 440 432 431 432 428 430 438 446 453 439 427 428 435 429 434 437 436 430 427 429 432 445 469 616 427 428 427 427 432 426 427 428 428 431 437 437 453 436 429 429 428 432 439 436 429 428 431 442 428 448 452 647 444 429 431 463 439 430 426 428 432 428 426 441 461 443 428 429 427 428 473 429 429 430 432 427 426 569 455 443 428 428 427 428 436 456 427 427 445 427 426 438 451 436 426
### 60 sums by a key of ten values, the defaults, in a stage: steady after 1405 ms at a median of 319 ms over 136 queries
ms per query: 901 504 345 356 338 367 350 326 338 322 338 325 322 324 335 374 332 318 324 320 332 319 325 317 318 365 338 333 321 324 332 322 325 319 319 314 369 349 315 322 332 312 334 318 315 316 313 355 333 319 313 314 314 325 324 323 313 319 324 356 331 316 314 319 318 316 324 310 317 311 371 336 319 311 317 315 326 323 317 316 315 311 404 334 327 316 313 311 339 319 317 331 314 314 359 337 319 311 312 310 319 320 315 311 310 322 320 364 332 321 316 309 313 310 322 330 322 313 311 311 345 334 319 321 308 312 309 319 320 314 308 311 346 310 354 326
### 60 sums by a key of ten values, wholeStage=false: steady after 0 ms at a median of 648 ms over 68 queries
ms per query: 983 949 657 651 655 648 671 688 655 648 649 650 659 647 662 693 659 645 676 652 645 650 663 701 664 645 650 650 654 680 713 684 656 647 649 643 647 643 659 689 657 645 649 645 645 645 663 689 676 645 653 651 646 641 665 698 661 655 652 643 645 642 659 682 660 646 648 644
### Spark 4.2.0, Java 21.0.12
