Output of compile_wait.scala on a GitHub-hosted runner, by varka-silent-giveups.yml.
run:     https://github.com/MaxGekk/spark/actions/runs/36936386636
commit:  a3c9ebd0662
cpu:     AMD EPYC 9V45 96-Core Processor
java:    openjdk version "25.0.4" 2026-07-21 LTS
spark:   4.2.0

### 150 entries id + k, maxFields=200, in a stage: steady after 12000 ms at a median of 417 ms over 87 queries
ms per query: 1244 1154 1062 1064 1072 1086 1061 1101 1062 1045 1049 453 430 468 470 446 430 440 436 442 435 443 456 433 424 431 447 438 432 443 456 438 420 423 427 430 416 422 435 461 432 436 437 421 429 430 441 427 417 439 476 427 414 465 428 422 413 416 412 412 410 442 433 413 421 415 436 419 436 415 416 433 433 458 681 415 411 418 417 421 415 410 412 415 449 422 409
### 150 entries id + k, maxFields=100 (the default), outside a stage: steady after 0 ms at a median of 344 ms over 131 queries
ms per query: 796 333 332 326 331 322 356 323 334 333 339 349 344 342 363 348 339 340 340 340 338 338 337 340 343 348 341 350 342 341 337 343 339 344 363 348 340 339 361 336 335 345 338 343 343 337 334 337 335 342 336 336 355 339 363 351 342 335 334 334 337 358 339 338 353 339 336 336 344 343 350 344 343 340 373 343 340 336 336 336 339 340 337 336 345 338 342 334 352 342 345 336 335 335 367 377 340 337 334 335 339 339 342 352 347 335 334 340 336 337 336 334 337 343 362 352 335 337 338 345 340 335 344 334 344 344 344 346 347 348 342
### 99 entries id + k, the defaults, in a stage: steady after 1399 ms at a median of 273 ms over 158 queries
ms per query: 729 670 742 396 270 275 267 267 266 275 268 269 272 268 270 295 300 280 270 266 297 273 270 275 272 278 274 274 276 281 306 286 277 279 281 278 280 279 278 278 280 277 282 279 299 289 280 273 271 268 272 276 278 275 272 271 275 266 295 273 268 269 271 271 272 271 270 275 273 271 267 268 310 283 272 282 278 276 276 276 278 283 288 280 282 282 303 279 287 278 285 281 279 285 269 307 272 276 268 269 292 288 280 279 277 280 286 281 271 274 270 268 267 268 288 281 267 266 268 268 272 279 269 270 277 275 268 271 299 281 276 268 273 273 270 282 266 267 269 266 275 265 287 274 267 275 269 270 273 271 273 270 269 274 272 268 293 275
### 99 entries id + k, wholeStage=false: steady after 0 ms at a median of 200 ms over 229 queries
ms per query: 332 195 194 191 196 190 190 190 190 193 193 193 192 193 192 191 195 191 191 194 190 190 193 224 204 212 202 190 191 190 192 192 216 193 193 190 197 197 192 192 188 188 197 193 202 218 195 196 194 193 217 201 199 192 189 189 188 190 190 187 190 188 195 193 192 191 188 194 207 196 193 191 188 188 193 199 191 189 222 204 208 187 192 189 187 186 186 190 192 194 190 195 198 194 188 195 198 192 199 190 192 186 186 189 195 202 219 204 212 197 193 197 194 192 198 198 194 190 188 195 195 205 202 199 199 194 190 188 187 187 194 194 189 190 219 204 214 188 187 198 188 186 187 185 187 194 196 194 209 197 193 198 193 189 187 195 191 190 190 187 192 195 220 207 187 193 187 186 189 190 192 195 199 199 196 198 202 200 193 197 194 196 198 196 196 196 197 201 196 206 223 204 215 199 197 197 192 195 194 195 195 195 196 196 205 201 203 206 204 200 197 199 198 198 197 210 202 199 224 211 198 200 224 199 197 199 200 197 202
### 60 sums by a key of ten values, the defaults, in a stage: steady after 1082 ms at a median of 288 ms over 151 queries
ms per query: 642 440 319 354 305 300 309 329 320 332 338 310 297 291 296 299 301 321 301 297 303 305 310 301 297 322 307 301 292 295 293 289 296 332 306 300 302 294 285 288 285 303 316 306 283 289 329 284 279 281 316 293 298 287 286 287 285 289 287 343 299 291 293 296 294 293 288 321 295 284 287 297 284 283 285 320 290 286 286 300 292 280 279 277 313 295 281 281 281 289 285 289 282 290 302 290 298 282 282 285 284 279 288 282 310 294 290 282 292 287 284 281 281 286 303 307 300 279 286 283 292 294 284 297 303 313 297 290 297 283 287 283 281 281 286 308 283 280 284 279 280 288 310 276 277 279 307 320 297 286 280
### 60 sums by a key of ten values, wholeStage=false: steady after 0 ms at a median of 599 ms over 74 queries
ms per query: 832 854 600 599 603 607 627 607 600 614 602 596 591 594 594 621 611 595 613 604 599 604 595 608 612 627 608 595 597 603 615 607 616 603 614 641 614 590 597 602 598 606 594 614 630 641 630 611 606 603 610 626 613 611 641 655 615 591 611 614 613 606 594 602 624 645 608 598 594 598 612 598 592 599
### Spark 4.2.0, Java 25.0.4
