================================================================================================
a new projection of n entries id + k, 45s back to back, 1000000 rows
================================================================================================

25 entries, whole-stage codegen on, largest stage method: 936 bytes; steady after 10394 ms at a median of 40 ms over 991 queries
  ms per query: 112 92 60 62 89 65 61 58 59 57 56 55 55 55 60 54 52 58 52 59 56 57 53 54 50 51 52 56 57 55 73 60 60 52 62 63 56 52 50 51 56 60 56 71 67 61 60 57 51 51 55 56 53 51 53 56 54 49 47 52 77 81 96 81 70 54 53 58 54 54 55 55 57 50 49 49 50 51 48 50 54 60 54 54 49 51 53 60 55 55 54 55 57 47 60 49 52 53 68 75 59 53 61 70 74 57 63 53 51 48 47 48 48 58 60 45 47 46 47 47 50 46 44 47 44 47 47 46 48 46 47 46 51 51 54 52 50 52 48 47 49 47 48 63 57 45 44 46 46 45 48 47 47 47 46 46 45 46 46 45 46 44 46 45 62 46 50 48 49 46 45 45 45 45 46 44 45 45 45 45 45 45 45 44 45 45 48 45 57 50 45 45 45 46 45 44 45 44 44 46 45 47 44 47 44 46 44 44 46 51 45 50 46 47 45 45 46 47 44 46 43 46 45 45 45 48 45 45 43 43 49 51 53 51 65 56 55 44 45 48 47 49 48 48 44 49 50 49 48 48 56 45 44 47 43 44 45 55 48 44 50 48 48 48 52 44 45 44 47 45 43 43 42 44 44 44 43 43 43 45 58 49 43 43 43 42 42 44 43 44 44 42 44 48 46 44 44 47 47 48 44 44 49 51 45 50 45 44 44 42 43 43 43 41 41 43 44 43 43 43 44 46 45 45 47 47 46 60 52 47 47 46 44 42 45 46 47 47 47 46 46 43 42 42 45 42 42 43 47 46 47 49 47 47 47 46 46 48 49 52 49 49 46 42 44 41 42 42 43 44 42 42 45 43 43 57 48 43 42 42 41 42 41 41 42 42 42 42 43 41 41 41 40 43 42 42 42 42 43 46 42 60 43 42 42 42 42 41 42 43 42 42 41 41 41 41 41 43 42 41 41 42 41 56 50 48 42 41 42 42 43 42 42 42 41 41 43 42 47 47 47 51 47 45 41 43 44 46 42 43 42 43 44 43 42 42 44 46 43 43 46 45 44 46 46 45 45 45 46 43 43 55 58 42 43 42 43 59 42 41 42 41 41 42 42 43 43 46 47 42 43 43 43 43 42 45 41 40 40 42 42 43 41 70 42 42 42 42 41 41 41 41 43 41 42 40 42 41 42 54 45 40 41 42 41 41 41 40 41 41 42 41 42 41 42 44 42 41 41 42 43 41 44 46 43 40 41 42 43 42 43 43 44 41 42 42 43 41 43 42 43 42 42 43 42 41 43 53 47 42 43 43 43 42 43 41 42 41 42 42 44 46 42 41 42 40 43 40 41 42 42 45 42 40 42 41 43 41 42 42 41 41 41 41 40 42 45 44 46 44 47 42 42 42 41 54 50 41 41 66 42 40 41 40 39 39 39 40 40 40 41 42 41 40 40 40 44 43 43 46 43 40 41 41 40 41 41 40 41 39 39 39 40 40 42 41 42 42 42 41 41 41 41 42 53 45 40 41 42 42 41 41 40 41 40 41 40 42 42 40 41 41 41 40 41 40 40 40 47 39 42 41 40 40 41 40 40 39 40 40 40 40 41 39 42 40 40 40 40 41 40 40 41 40 52 44 40 40 40 40 40 40 40 40 40 40 40 40 40 40 40 39 41 41 44 44 41 40 41 70 45 42 41 41 42 41 39 40 41 40 42 45 43 43 40 40 40 40 41 40 40 40 40 40 53 45 42 41 41 41 40 40 41 40 42 41 41 40 41 38 40 41 39 41 40 40 40 39 41 44 43 42 42 41 41 41 43 42 42 42 41 46 42 42 40 40 40 41 41 41 42 41 41 39 53 44 40 38 39 40 39 41 39 40 40 39 41 41 40 41 40 40 40 42 41 42 41 42 43 43 42 44 44 40 41 42 45 57 41 44 45 40 40 42 39 40 40 40 41 41 40 41 41 40 52 45 41 40 40 40 42 41 41 40 40 40 40 38 40 42 39 40 40 40 40 40 39 40 40 43 42 40 39 40 39 40 41 39 40 40 40 41 40 39 40 40 41 40 40 41 40 40 43 40 56 44 44 41 39 40 40 40 39 40 40 39 40 40 40 40 39 40 40 39 39 39 40 40 40 42 39 39 42 39 40 40 40 39 41 43 44 42 40 41 40 39 39 40 39 40 41 40 40 40 51 45 39 40 41 39 39 40 40 40 40 39 46 41 40 40 41 40 40 39 40 39 41 39 40 43 42
25 entries, whole-stage codegen off; steady after 0 ms at a median of 62 ms over 694 queries
  ms per query: 134 64 63 64 67 65 66 65 63 77 65 64 63 63 63 63 65 64 64 64 62 63 77 70 65 91 66 66 65 65 64 64 65 64 63 65 64 65 64 64 64 65 69 62 63 64 63 67 65 64 63 67 69 65 65 63 64 64 64 66 64 65 64 65 63 63 64 63 64 65 64 63 85 68 63 64 63 65 66 65 64 63 63 63 63 63 68 64 64 63 63 65 63 64 65 64 70 64 65 65 66 65 64 64 63 65 64 65 64 63 63 64 63 64 64 64 64 63 90 64 63 63 77 69 64 63 63 63 63 63 63 62 64 63 62 63 62 65 64 64 64 65 64 65 64 66 64 67 66 64 63 65 65 65 62 63 63 65 64 64 64 63 68 64 64 63 64 64 71 63 63 64 75 70 66 66 65 63 63 65 65 64 63 64 64 64 65 64 65 66 67 65 66 66 64 64 82 68 64 65 63 63 62 62 64 64 64 64 64 64 63 64 64 62 63 64 65 63 64 63 64 64 80 69 66 63 63 63 63 63 63 63 64 64 64 64 64 66 63 65 64 64 64 63 63 63 64 96 63 64 63 64 66 62 64 64 63 62 65 65 62 62 65 63 63 64 63 63 62 62 65 63 104 69 63 63 62 62 64 64 64 62 63 64 64 65 63 63 63 65 63 64 63 65 64 63 69 61 63 63 63 64 78 63 63 64 64 63 64 63 65 63 63 65 64 63 64 64 64 64 88 63 81 71 65 63 63 63 64 64 64 63 63 63 63 62 63 63 62 62 62 62 63 63 63 64 65 62 79 89 64 63 62 62 63 64 63 62 62 63 63 61 64 64 63 65 62 62 61 62 64 80 72 65 62 62 62 61 62 63 62 63 62 63 63 62 62 62 63 62 62 63 62 64 64 67 63 62 62 60 62 62 62 62 62 62 62 62 64 61 63 62 66 63 62 62 62 63 62 64 75 68 64 63 62 63 63 65 63 63 63 62 64 62 64 64 64 63 62 62 63 62 64 65 66 64 64 62 63 62 62 63 63 63 63 62 61 87 63 62 62 62 61 61 61 61 62 61 65 75 67 62 62 62 62 64 62 62 62 64 63 63 71 62 62 62 63 63 62 63 62 62 62 62 66 63 62 62 62 62 62 63 62 63 62 62 61 61 61 61 61 61 65 66 66 63 62 62 66 74 68 62 62 62 61 61 62 63 64 63 62 63 62 63 62 63 63 62 63 65 62 62 62 63 67 67 63 63 62 63 62 65 64 63 64 65 61 62 63 62 62 62 62 65 66 64 62 62 62 75 69 63 63 64 61 62 64 62 63 63 86 65 65 63 63 64 64 64 64 63 66 63 65 64 68 62 63 62 65 62 62 63 63 63 63 62 64 62 63 63 63 62 63 62 63 63 62 66 65 77 70 63 64 62 64 63 62 64 93 63 60 63 62 65 62 62 63 63 63 63 65 70 63 66 63 64 64 85 63 63 66 62 62 62 62 62 62 64 62 63 63 63 67 62 62 63 62 63 71 73 67 62 63 62 62 62 62 63 60 62 62 61 62 61 63 62 62 63 62 62 62 60 64 63
50 entries, whole-stage codegen on, largest stage method: 1861 bytes; steady after 0 ms at a median of 121 ms over 363 queries
  ms per query: 234 123 124 121 121 125 136 122 142 122 121 122 122 124 129 121 122 136 127 124 127 121 121 121 120 119 122 122 119 120 121 124 121 122 121 121 127 122 122 122 138 122 121 125 122 121 120 122 121 124 121 122 122 120 129 122 140 131 122 120 123 150 122 121 124 123 122 122 130 122 123 126 123 125 122 122 129 123 125 123 124 126 123 125 125 129 127 126 121 123 125 123 123 123 123 126 133 134 122 123 122 148 123 123 123 124 124 124 123 123 123 123 122 124 124 124 124 123 122 122 121 121 121 122 122 123 120 122 121 124 125 133 124 124 122 123 134 127 124 124 123 120 147 123 121 121 121 123 125 123 122 121 121 122 121 123 125 121 121 121 121 121 121 120 121 120 121 122 123 122 123 121 121 121 120 122 134 127 121 121 120 121 122 123 121 121 120 120 122 149 127 121 120 121 120 122 125 121 120 123 121 125 132 132 124 123 121 123 120 122 123 121 120 121 120 121 132 125 120 120 121 121 121 121 146 121 122 121 122 120 120 120 121 121 120 121 126 124 121 121 121 120 123 123 123 121 120 124 127 121 120 121 121 122 122 121 132 125 122 121 120 120 122 121 121 135 120 119 122 121 121 122 121 122 122 126 129 125 121 121 121 122 121 121 121 121 124 121 122 121 120 121 121 121 121 121 136 127 121 121 121 120 121 121 121 120 131 122 121 122 124 120 122 121 122 128 150 125 122 122 121 121 121 120 123 123 120 121 121 121 122 121 121 120 118 121 135 130 123 121 120 120 121 121 121 122 122 122 120 122 120 122 120 121 120 122 126 145 121 121 120 121 121
50 entries, whole-stage codegen off; steady after 0 ms at a median of 105 ms over 423 queries
  ms per query: 146 103 104 107 153 157 117 103 103 106 103 112 114 107 103 104 104 104 104 105 104 103 103 103 105 111 103 103 103 108 104 103 103 103 104 116 103 104 107 128 105 104 110 103 104 103 103 104 113 109 106 105 105 104 104 104 104 104 106 105 107 107 107 105 109 104 104 107 104 104 104 104 106 105 104 105 109 106 105 104 104 104 104 103 104 104 142 120 104 104 105 103 103 103 104 105 104 102 103 102 122 104 104 103 104 107 104 125 103 104 104 108 103 104 104 104 103 105 104 117 102 107 104 104 115 110 105 104 105 108 104 107 104 130 104 104 104 106 105 103 107 104 104 106 105 104 106 105 105 104 104 106 110 106 105 109 104 111 104 105 108 104 105 116 109 104 104 103 103 104 104 105 103 121 103 106 108 110 107 108 117 107 110 107 104 105 102 103 104 105 103 103 103 104 103 104 104 106 104 103 103 114 109 104 103 102 104 103 102 103 103 103 103 104 103 103 103 103 103 102 106 102 103 101 102 102 102 102 128 104 103 106 105 103 103 104 103 104 103 115 118 103 104 105 104 103 102 102 102 103 103 103 104 103 103 103 103 102 106 105 104 104 105 104 105 105 103 104 112 103 137 104 104 103 105 104 131 116 108 110 103 103 101 103 103 103 104 102 104 103 103 104 103 103 103 104 104 107 104 104 103 102 103 102 103 102 103 103 104 103 103 105 103 102 103 103 107 112 108 104 104 104 106 104 103 104 103 104 103 104 107 103 103 103 102 106 108 105 103 104 104 103 104 102 106 103 103 105 102 102 106 104 104 103 103 103 140 110 103 103 105 103 105 105 105 105 106 105 105 106 107 107 108 108 108 111 103 104 104 104 107 104 104 106 105 104 104 104 103 104 104 103 103 105 109 112 113 108 105 104 103 105 104 130 107 111 104 105 106 105 107 105 105 107 111 105 103 103 104 107 105 105 105
75 entries, whole-stage codegen on, largest stage method: 2786 bytes; steady after 0 ms at a median of 184 ms over 240 queries
  ms per query: 337 186 190 193 182 192 190 194 189 204 185 183 185 184 208 185 185 183 183 185 184 185 184 185 184 184 184 196 200 189 185 185 184 183 186 280 182 183 183 203 190 209 183 182 188 182 184 186 183 183 182 182 183 188 182 184 192 185 192 184 183 189 192 183 182 182 183 182 207 183 186 195 187 184 183 182 190 183 184 184 183 183 184 185 190 194 184 195 187 187 193 182 183 185 182 183 183 183 218 184 183 184 192 196 207 183 186 183 183 184 183 182 182 182 182 188 183 184 184 186 183 182 183 184 192 207 183 183 183 193 194 184 183 183 183 199 188 183 183 183 183 185 191 183 182 188 184 183 183 182 183 186 209 185 182 188 183 185 182 184 184 187 183 184 185 182 197 203 191 184 183 185 183 184 187 182 185 192 183 207 185 183 183 187 183 185 185 186 184 186 184 205 184 184 185 206 191 182 183 199 187 189 184 183 183 185 209 186 183 188 190 184 183 184 184 186 186 184 183 182 186 183 182 190 185 188 192 187 184 189 184 195 190 184 183 184 184 184 184 187
75 entries, whole-stage codegen off; steady after 0 ms at a median of 146 ms over 302 queries
  ms per query: 198 146 146 146 145 146 149 146 148 147 172 147 148 149 145 149 149 152 149 147 148 164 145 162 152 146 148 147 148 147 149 146 146 146 146 145 144 145 144 149 145 145 146 146 145 145 146 145 144 147 147 148 146 148 155 166 149 146 145 146 148 145 146 147 147 146 146 144 147 155 145 145 148 147 145 146 148 147 191 185 160 146 146 144 151 156 152 147 148 147 144 145 148 145 149 155 145 145 145 147 146 148 146 145 145 146 147 145 145 145 145 147 172 146 143 145 152 159 152 151 149 150 147 146 148 146 147 144 147 148 146 149 147 146 145 193 148 147 146 145 148 146 149 144 145 145 174 156 151 146 146 145 148 145 146 180 147 147 146 147 146 148 146 149 147 144 147 146 145 145 145 146 147 149 146 145 145 145 148 154 176 146 148 148 150 148 146 145 146 146 146 145 144 144 145 150 145 146 145 146 145 146 146 150 147 146 152 149 150 148 151 159 151 146 170 147 146 144 145 144 145 147 145 146 145 149 145 147 147 145 146 145 145 145 149 146 146 144 146 145 148 157 152 153 147 148 146 145 173 146 146 145 146 145 146 147 150 146 148 146 145 147 147 184 147 147 146 146 147 146 146 147 150 153 150 145 150 146 150 148 147 145 151 147 148 148 151 149 151 152 145 146 146 156 146 146 146 145 146 147 145 145
99 entries, whole-stage codegen on, largest stage method: 3674 bytes; steady after 666 ms at a median of 254 ms over 174 queries
  ms per query: 666 621 576 253 274 248 248 248 275 249 250 250 253 254 253 250 250 250 248 249 256 251 249 253 275 252 250 252 250 251 260 252 248 249 252 247 250 249 255 249 249 251 249 248 276 248 251 249 250 247 248 249 255 249 248 248 247 256 258 251 249 248 249 247 273 249 248 249 250 249 249 256 254 249 251 249 251 248 248 249 271 249 247 248 285 253 248 249 247 248 248 247 250 247 250 249 249 248 251 249 248 271 268 249 251 249 248 250 249 251 249 249 261 255 249 248 248 248 249 250 251 248 249 249 253 247 251 248 249 248 248 249 251 249 249 247 250 248 250 250 261 253 249 248 250 249 250 249 250 249 248 248 249 249 254 250 250 249 252 249 249 252 252 256 282 254 249 254 288 253 251 248 249 285
99 entries, whole-stage codegen off; steady after 0 ms at a median of 214 ms over 220 queries
  ms per query: 253 201 201 202 203 204 203 205 202 200 201 202 226 202 202 201 202 203 201 202 208 210 219 204 200 204 202 204 201 202 204 205 203 205 203 202 201 226 201 202 216 202 201 201 200 201 200 216 206 211 202 212 201 202 203 201 201 200 202 201 204 201 215 202 201 200 200 199 200 202 203 203 201 201 213 207 200 202 201 216 220 203 201 202 202 202 201 207 203 202 202 202 202 203 199 202 202 201 201 203 204 216 208 209 203 206 206 217 202 206 203 202 204 204 224 210 201 204 202 200 202 201 200 201 206 212 202 201 212 206 202 202 204 203 201 200 201 226 201 202 201 202 209 200 201 202 201 202 201 202 201 204 202 201 201 212 220 202 202 203 212 199 203 201 202 209 202 200 202 203 201 201 200 200 199 202 203 200 203 200 216 201 212 206 203 200 200 226 201 199 199 201 200 204 202 204 202 204 201 204 201 201 202 202 201 201 202 203 201 213 204 202 227 214 201 200 201 232 215 220

================================================================================================
a new aggregate of n sums by a key of ten values, 45s back to back
================================================================================================

10 sums, whole-stage codegen on, largest stage method: 486 bytes; steady after 701 ms at a median of 73 ms over 594 queries
  ms per query: 165 107 90 88 82 84 85 79 81 89 79 78 76 78 80 75 80 77 78 77 75 74 81 76 78 77 92 83 74 80 81 76 76 78 78 77 76 77 75 78 76 78 111 73 75 75 77 77 78 80 76 75 79 77 75 79 78 79 74 75 72 75 76 74 77 75 74 77 76 76 74 76 92 83 75 74 72 73 74 72 76 75 76 74 73 73 72 76 76 76 75 75 74 75 75 74 80 75 76 75 76 75 75 75 76 73 74 77 76 76 75 76 74 75 75 73 76 78 74 74 86 80 74 78 75 72 75 72 78 78 76 76 74 75 74 75 72 73 74 72 75 77 75 74 76 79 76 76 77 74 74 75 75 76 75 76 75 74 76 75 75 75 78 75 76 77 76 76 78 76 80 83 82 73 77 73 76 73 73 74 74 75 74 74 73 75 75 75 76 74 73 74 75 74 74 75 74 75 76 74 73 74 74 75 74 75 73 74 75 83 75 74 74 75 74 74 75 73 75 75 74 75 90 76 74 88 82 77 74 76 74 75 75 77 75 74 70 74 74 77 74 98 77 75 76 76 74 74 76 75 74 76 74 81 77 74 78 77 76 74 74 75 74 71 73 76 75 74 74 74 74 75 73 74 74 73 77 74 76 74 74 78 79 84 82 75 74 75 73 73 73 73 75 73 73 73 74 73 75 73 73 74 74 73 73 70 75 75 102 75 74 73 74 74 77 74 74 72 73 72 74 72 73 74 74 74 74 74 74 74 71 76 80 77 77 79 75 76 76 78 78 79 78 77 78 87 84 73 74 75 74 76 75 75 76 75 73 75 74 74 74 73 76 74 73 74 73 75 75 73 75 73 74 99 75 74 73 77 71 75 74 76 73 73 73 73 74 75 74 77 72 73 72 72 73 74 73 75 76 75 75 71 95 82 74 72 72 74 73 70 86 76 73 73 72 72 73 73 73 73 73 74 74 73 74 74 73 74 73 73 72 72 71 74 74 73 73 73 71 72 75 74 77 73 74 72 74 73 73 73 72 73 73 74 73 73 74 71 74 76 70 71 71 70 74 73 74 72 74 74 72 73 74 73 73 76 82 78 73 72 73 72 72 73 71 74 74 73 72 74 71 72 72 73 72 73 74 71 74 70 73 74 74 74 72 73 73 72 76 76 72 74 74 73 73 73 74 75 73 71 74 74 74 72 73 71 72 74 74 74 72 73 73 75 70 74 75 72 73 72 73 73 76 89 78 73 74 72 73 73 73 72 74 73 73 73 74 73 72 73 72 72 71 72 72 75 74 70 77 76 75 72 71 73 72 73 102 78 71 73 72 73 73 74 72 74 74 75 73 72 70 76 73 72
10 sums, whole-stage codegen off; steady after 0 ms at a median of 93 ms over 472 queries
  ms per query: 226 107 95 95 95 95 95 95 94 94 94 94 92 96 105 100 94 97 95 94 93 96 96 94 95 94 94 96 95 94 93 96 93 93 93 95 93 95 93 95 94 93 94 94 94 93 97 95 93 92 96 94 91 91 96 95 93 93 93 94 94 95 94 94 93 93 93 94 93 95 94 94 94 94 93 93 93 92 103 107 99 94 94 95 106 93 94 94 94 95 108 96 94 94 93 93 92 93 93 94 93 94 93 90 94 94 93 96 93 93 96 97 96 96 94 93 92 93 94 93 92 94 99 94 93 108 95 93 93 93 93 92 94 93 110 106 93 95 93 90 95 94 107 127 96 94 93 93 92 94 122 93 94 93 93 93 94 94 94 93 92 93 93 93 93 93 91 93 93 93 93 90 94 93 126 93 96 94 93 92 93 92 99 92 93 88 93 93 93 92 92 94 103 94 92 93 95 93 122 94 92 92 94 95 92 92 89 96 103 101 94 101 93 94 94 92 93 92 93 93 96 94 94 95 94 93 92 94 92 93 95 95 117 95 93 95 93 95 93 94 97 94 95 94 93 94 95 93 94 94 94 96 99 93 95 94 92 92 91 94 92 94 94 93 92 92 92 95 94 92 94 93 93 99 106 98 93 94 94 93 95 93 95 92 93 92 93 93 92 92 92 92 94 92 93 92 94 95 94 96 92 92 92 92 92 97 93 93 95 92 92 94 95 93 95 97 94 93 94 95 95 96 93 94 95 97 97 94 94 94 94 93 92 89 99 98 93 92 123 108 99 94 94 95 94 93 92 93 93 92 92 94 96 92 94 95 95 94 93 112 93 91 93 93 95 95 93 93 93 89 93 93 96 92 93 93 92 91 89 93 93 94 92 94 93 93 100 116 94 96 95 118 96 93 93 92 93 94 92 94 92 94 93 93 94 99 93 101 105 97 92 92 93 93 92 93 93 94 89 93 94 94 94 95 123 93 92 93 90 92 93 96 93 92 93 93 102 92 93 94 96 92 93 93 118 95 93 93 94 92 94 92 93 91 93 92 94 92 94 93 95 94 91 93 93 93 91 92 91 93 93 92
20 sums, whole-stage codegen on, largest stage method: 906 bytes; steady after 0 ms at a median of 103 ms over 432 queries
  ms per query: 157 126 111 113 105 100 101 101 103 102 102 105 102 102 103 101 101 101 102 104 102 105 131 107 107 105 106 102 105 107 103 101 102 101 101 102 102 101 103 103 101 102 103 109 102 103 99 103 103 102 102 101 101 104 101 107 100 105 114 117 106 102 102 101 106 105 102 102 102 101 141 104 103 102 101 104 102 101 102 110 102 103 103 106 102 105 103 102 101 100 102 127 106 102 101 102 102 102 103 100 102 104 101 102 102 102 102 103 104 104 105 113 114 106 102 101 101 102 127 103 101 101 101 102 101 102 101 101 100 102 102 101 102 103 104 105 107 105 106 105 101 102 103 102 102 102 103 103 103 103 105 103 104 101 101 101 103 101 102 103 105 105 102 103 110 112 140 107 104 103 103 102 102 106 102 102 102 102 102 102 103 100 102 101 101 100 101 102 102 103 101 108 103 101 103 102 101 102 102 111 103 103 102 102 103 101 102 101 104 104 103 103 101 102 101 127 100 101 123 109 102 102 104 102 101 101 106 102 104 103 101 104 102 103 102 101 102 102 102 102 103 101 102 102 130 105 102 101 102 102 97 102 102 102 102 104 101 102 104 102 102 105 102 127 104 103 101 102 103 102 101 105 118 111 102 103 103 110 103 104 121 104 103 102 101 101 101 100 103 103 101 102 102 101 104 102 100 102 106 100 101 101 101 101 101 102 101 101 98 102 105 103 131 98 103 101 104 100 107 101 102 101 102 103 101 109 114 105 103 101 102 102 102 101 102 102 102 101 102 101 99 101 102 102 102 102 101 101 101 101 102 106 101 102 101 102 101 103 101 102 127 104 101 103 101 102 102 103 105 101 101 101 101 101 101 102 101 101 105 111 107 101 103 102 102 102 102 103 102 102 102 101 102 103 102 104 102 102 103 102 104 102 102 103 103 105 100 101 101 126 104 103 102 102 101 104 101 101 101 101 102 102 107 105 103 104 103 103 102 103 103 102
20 sums, whole-stage codegen off; steady after 0 ms at a median of 149 ms over 297 queries
  ms per query: 220 182 152 152 150 146 153 162 150 150 148 150 149 158 149 146 151 151 148 148 149 149 148 145 144 148 156 160 152 149 150 149 148 150 149 149 151 149 150 156 155 153 149 155 147 149 174 150 149 145 148 152 156 152 149 150 150 151 148 148 148 149 151 178 154 152 149 150 150 150 149 151 149 151 150 148 152 161 152 173 152 149 148 148 149 148 149 150 146 155 150 149 147 146 151 152 150 148 148 151 167 152 160 149 149 152 150 148 146 167 146 152 171 151 153 146 150 164 147 148 149 174 151 148 144 148 156 159 151 148 149 145 147 147 151 148 146 149 146 150 146 149 150 149 150 173 151 146 149 160 148 152 160 152 149 149 145 148 146 149 150 148 148 148 154 149 159 145 149 149 146 143 146 148 150 148 153 160 152 149 148 155 161 148 149 149 149 146 148 151 146 150 149 149 149 149 144 149 149 148 147 153 163 151 148 149 148 149 148 150 150 149 150 151 151 148 149 149 147 149 155 149 148 149 146 149 152 162 153 150 148 148 147 148 147 148 149 148 150 150 147 148 146 149 150 149 171 154 149 149 147 153 163 151 145 146 162 149 148 147 149 148 145 149 152 152 163 149 147 148 147 149 149 149 151 161 157 160 153 192 153 145 149 151 149 148 149 147 151 150 149 148 149 145 151 148 148
40 sums, whole-stage codegen on, largest stage method: 1746 bytes; steady after 0 ms at a median of 216 ms over 206 queries
  ms per query: 312 240 216 220 215 226 220 214 215 218 239 217 214 215 214 216 217 215 215 214 215 216 214 218 215 216 214 214 216 216 214 216 214 214 243 215 214 215 215 213 222 223 218 214 214 213 214 215 216 215 214 215 215 214 215 215 214 217 222 215 216 217 214 214 214 217 216 215 214 217 215 215 216 214 214 233 222 215 214 214 213 216 215 216 214 214 214 213 214 215 215 215 214 218 215 215 215 213 216 217 214 214 215 215 235 216 215 213 215 215 214 226 221 215 235 221 216 215 216 215 216 215 215 215 215 216 216 240 218 218 215 215 215 216 215 215 217 215 244 216 211 215 215 218 215 215 217 281 219 221 217 215 216 214 215 214 216 215 213 216 214 214 214 214 214 216 214 216 217 215 215 217 244 278 219 215 214 215 215 215 220 247 215 230 218 214 214 214 216 214 213 213 214 216 214 217 218 216 215 216 242 217 213 214 214 214
40 sums, whole-stage codegen off; steady after 0 ms at a median of 331 ms over 135 queries
  ms per query: 408 359 331 326 329 328 333 351 337 331 329 334 334 332 331 329 329 330 330 329 327 331 329 333 330 326 337 343 330 330 331 331 326 329 336 334 339 335 336 358 338 334 335 330 329 340 343 333 331 334 327 328 330 329 330 333 330 330 355 335 331 325 331 329 332 346 332 331 333 331 331 333 333 358 337 330 325 330 334 330 360 336 330 338 344 334 330 332 334 331 331 331 332 340 333 331 332 332 331 327 330 332 337 346 337 330 333 329 328 329 330 325 333 330 332 335 331 330 327 355 334 338 339 335 331 329 334 331 332 330 327 334 327 330 355
60 sums, whole-stage codegen on, largest stage method: 2586 bytes; steady after 0 ms at a median of 335 ms over 133 queries
  ms per query: 453 371 335 335 333 332 332 344 341 332 333 336 335 335 337 333 334 335 332 331 335 334 334 333 333 333 335 336 335 360 334 334 335 346 339 335 335 335 334 336 334 332 333 333 333 334 389 335 335 335 333 333 333 333 334 330 335 332 333 334 347 340 332 336 337 336 334 335 333 337 359 336 334 338 334 334 363 335 335 335 333 332 332 334 334 357 392 351 342 335 335 333 333 372 334 334 334 333 334 334 337 334 334 333 335 332 372 334 334 335 334 333 335 333 352 338 334 332 335 332 334 334 331 333 334 344 333 336 332 333 335 350 337
60 sums, whole-stage codegen off; steady after 0 ms at a median of 546 ms over 82 queries
  ms per query: 628 577 546 546 564 548 544 570 547 545 547 545 549 541 545 546 582 569 586 555 560 545 545 547 541 541 546 572 545 545 546 542 545 545 552 558 549 545 548 547 564 546 548 547 545 547 548 545 546 549 554 557 545 546 544 546 543 613 548 546 546 545 544 545 546 546 555 549 545 546 545 545 544 549 548 546 545 545 543 546 544 574

