================================================================================================
a new projection of n entries id + k, 45s back to back, 1000000 rows
================================================================================================

25 entries, whole-stage codegen on, largest stage method: 936 bytes; steady after 43228 ms at a median of 67 ms over 605 queries
  ms per query: 218 104 96 94 109 100 97 93 101 98 94 94 96 92 97 93 96 108 95 96 88 88 102 84 94 98 86 83 88 83 89 87 92 88 129 87 87 82 88 90 92 81 81 81 82 80 83 79 81 78 79 82 92 79 77 76 83 79 78 80 91 91 92 78 77 76 76 83 83 78 78 80 82 140 108 134 126 99 101 101 104 102 125 105 83 76 74 74 77 75 75 75 78 74 75 74 73 79 74 81 76 74 76 78 86 78 87 85 75 73 72 73 78 76 73 79 78 74 76 74 79 72 71 71 71 74 75 72 73 72 72 81 92 104 79 73 74 74 74 75 77 72 77 71 70 74 77 78 74 75 72 72 72 71 71 71 72 72 85 73 73 74 72 75 75 71 75 74 75 73 73 71 71 71 71 73 72 70 73 70 70 70 72 101 103 85 75 74 73 73 83 71 70 72 71 70 73 72 72 73 72 74 76 76 70 71 70 74 81 75 73 74 74 70 72 70 70 71 70 70 72 76 70 70 72 70 73 69 70 70 72 75 74 74 108 108 75 70 70 72 68 74 70 79 72 69 69 69 74 69 71 70 70 76 71 75 72 87 69 70 81 70 70 69 74 70 79 70 69 74 71 71 69 69 70 72 71 69 69 67 69 68 69 73 68 69 96 94 76 69 68 69 68 68 69 70 75 75 69 68 69 69 73 71 68 67 68 70 69 67 72 69 75 69 69 70 69 72 72 68 67 70 68 67 69 69 71 68 71 72 68 71 69 69 69 74 69 69 108 100 79 68 69 68 68 68 68 73 68 67 69 68 68 71 68 69 68 69 69 71 75 74 72 68 79 71 73 69 68 68 69 69 69 67 67 67 67 68 68 68 68 67 68 67 74 66 67 68 68 66 67 90 93 71 66 66 66 67 70 69 67 66 69 67 72 68 67 68 67 68 68 68 66 67 67 66 75 67 67 66 67 67 68 69 76 68 67 67 67 67 67 66 68 66 67 66 70 71 71 67 67 65 70 92 77 69 67 66 65 65 65 65 65 65 71 65 67 66 66 67 66 66 67 70 68 66 65 67 66 74 67 65 67 66 65 67 66 67 68 66 67 67 67 68 66 67 69 70 74 71 73 66 66 65 66 103 73 65 66 65 65 65 65 65 65 65 73 66 66 67 65 67 66 66 66 65 67 70 67 67 68 69 74 66 66 66 67 67 67 66 67 66 71 65 65 65 66 65 65 66 65 65 65 66 65 66 66 74 68 66 105 71 70 67 71 66 65 65 66 66 66 66 67 66 65 65 65 65 66 65 65 65 68 66 66 69 67 74 65 66 65 66 65 66 66 65 65 65 67 69 65 66 66 66 65 70 66 65 69 67 65 66 66 72 72
25 entries, whole-stage codegen off; steady after 43019 ms at a median of 79 ms over 551 queries
  ms per query: 203 89 82 81 81 81 81 80 88 81 87 86 92 82 81 84 80 81 80 80 80 82 84 82 80 80 88 80 89 83 80 79 82 80 81 84 80 81 80 80 83 80 80 80 81 80 80 80 84 80 81 82 81 107 86 80 80 81 80 82 93 80 80 80 80 82 82 80 81 81 81 80 83 82 81 80 81 81 81 81 90 81 80 80 80 81 81 80 80 80 81 83 80 80 80 80 80 80 81 80 80 80 81 80 80 81 80 87 101 88 82 82 81 80 81 80 80 81 80 83 81 81 81 81 80 81 81 83 80 80 80 80 82 81 81 88 83 81 84 85 83 84 83 80 80 80 80 87 81 79 80 79 80 81 79 79 81 80 82 80 82 80 80 108 88 79 80 83 80 80 80 80 83 80 79 80 79 81 79 79 79 79 80 80 79 80 79 82 80 87 89 87 85 81 80 79 85 82 79 82 79 79 80 79 81 83 84 80 79 79 80 80 87 81 80 80 79 86 103 87 79 81 81 80 82 86 92 79 79 79 79 82 80 80 80 87 81 80 80 79 80 79 79 79 81 87 80 79 80 80 81 79 80 79 79 81 80 79 79 79 80 80 79 82 82 80 86 86 88 83 84 79 89 93 108 85 82 79 79 79 80 79 78 80 82 79 80 84 83 80 79 78 79 79 78 79 79 79 79 79 79 85 80 80 82 79 79 78 83 80 79 79 79 78 79 80 79 81 78 80 78 79 79 79 79 79 79 78 79 79 78 105 90 79 83 79 79 80 79 81 78 79 79 79 78 79 78 79 79 78 78 78 79 79 79 78 79 80 87 79 79 79 79 79 79 80 79 78 79 78 78 82 114 81 79 84 81 79 78 79 78 83 78 79 79 86 105 89 81 79 80 79 80 80 83 92 82 78 79 79 82 79 79 78 79 79 79 79 79 80 79 79 80 87 79 78 78 80 84 79 78 85 87 79 79 78 79 79 79 79 78 79 78 78 78 79 78 79 80 81 110 86 79 78 80 80 79 82 79 78 79 87 79 79 83 79 80 81 83 80 79 82 79 79 78 78 85 86 82 80 78 80 88 83 79 79 79 78 78 81 79 81 78 78 78 79 79 84 78 79 79 78 80 78 78 80 113 85 78 80 79 79 82 78 78 78 80 78 78 78 79 78 79 79 78 80 78 79 78 83 80 79 80 86 89 78 78 79 79 78 78 79 78 78 78 79 82 80 78 79 78 78 78 78 78 80 78 79 79 79 79
50 entries, whole-stage codegen on, largest stage method: 1861 bytes; steady after 40346 ms at a median of 167 ms over 263 queries
  ms per query: 349 191 176 169 169 168 169 168 168 168 175 168 168 168 168 176 168 168 168 168 170 169 169 175 190 168 168 167 169 168 168 168 169 168 168 168 169 168 168 168 168 168 168 168 168 168 207 175 168 168 168 167 168 169 168 167 168 169 168 168 168 168 168 168 168 168 168 168 175 169 168 168 168 168 168 169 167 168 171 169 168 169 174 169 168 168 167 168 169 169 168 197 176 168 167 168 168 170 180 174 176 171 169 176 167 167 171 168 168 168 171 169 172 175 168 200 168 171 171 168 168 171 168 168 167 169 169 170 168 168 168 170 169 168 169 169 194 175 168 169 168 168 168 168 168 169 168 168 169 170 167 168 168 168 169 168 168 169 177 169 169 175 168 169 177 175 179 170 169 168 168 176 169 168 168 168 168 168 168 168 168 168 201 175 167 168 168 168 167 168 168 168 168 168 168 169 169 168 168 168 168 167 173 168 192 168 167 167 168 168 168 167 167 167 167 168 168 167 167 167 167 169 168 173 168 171 170 197 198 171 174 167 167 170 204 167 168 168 167 169 168 167 168 168 168 168 167 168 168 178 168 174 168 168 167 167 167 168 168 167 167 167 167
50 entries, whole-stage codegen off; steady after 45008 ms at a median of 130 ms over 346 queries
  ms per query: 244 127 128 127 128 128 130 145 154 134 128 130 128 127 127 128 127 127 129 127 127 129 128 128 127 127 128 127 129 136 141 128 127 128 128 127 128 128 128 128 127 128 128 128 128 127 127 127 128 127 127 127 157 135 128 128 128 128 129 128 129 133 128 127 128 128 128 127 139 127 127 128 128 134 129 127 128 131 127 127 130 131 127 128 128 127 129 129 127 134 129 129 128 137 128 128 162 134 127 130 127 127 128 128 128 127 127 128 127 129 127 135 127 127 137 128 127 133 129 127 127 127 131 127 129 128 128 127 127 127 128 127 128 128 133 128 128 127 128 134 147 134 127 127 127 128 127 127 127 130 128 128 128 128 129 128 128 128 137 128 127 133 130 128 128 128 128 129 131 128 128 127 127 127 127 127 128 150 127 128 127 127 127 134 154 135 131 131 128 139 128 128 128 127 127 126 127 127 127 127 127 127 127 127 127 127 135 128 127 127 128 128 127 127 127 127 127 132 129 131 128 135 128 133 128 128 127 127 159 135 128 129 127 128 128 127 127 127 128 128 128 127 127 127 127 127 127 127 131 127 135 127 127 127 128 128 127 127 128 127 128 127 128 127 129 128 127 127 127 127 127 127 157 134 128 128 127 127 127 127 128 127 127 127 128 128 128 128 128 128 127 127 127 132 132 127 128 127 127 128 127 129 129 128 127 127 127 128 127 127 129 131 128 128 128 128 155 134 128 128 129 129 128 129 127 127 128 127 127 127 127 129 128 128 128 127 128 133 132 129 130 127 132 127 128 145
75 entries, whole-stage codegen on, largest stage method: 2786 bytes; steady after 25356 ms at a median of 279 ms over 158 queries
  ms per query: 734 297 308 291 280 283 282 280 282 281 279 310 288 278 281 278 281 281 281 281 279 281 284 280 279 278 299 288 281 286 292 281 280 280 280 281 290 281 279 277 281 279 279 280 281 281 279 281 299 304 286 278 278 279 278 279 279 278 279 278 279 279 280 277 280 279 279 285 278 281 278 279 280 281 280 278 279 279 278 280 280 280 277 280 279 279 286 312 290 288 285 280 279 280 279 278 279 277 280 283 279 279 279 281 281 290 280 280 281 281 281 282 281 281 281 281 279 280 281 282 281 281 281 281 306 288 277 280 281 281 281 284 281 278 279 280 280 280 281 280 280 279 287 279 279 278 280 279 280 278 279 279 279 278 284 281 278 278
75 entries, whole-stage codegen off; steady after 41596 ms at a median of 180 ms over 246 queries
  ms per query: 327 183 181 206 188 180 180 180 183 181 180 180 180 179 183 180 181 181 180 180 192 189 184 181 179 179 181 180 180 181 180 180 180 179 180 180 180 181 180 183 206 203 186 181 179 180 180 182 181 180 180 181 180 180 181 185 182 180 179 186 181 181 181 180 180 180 180 180 180 180 192 180 180 180 180 181 181 189 200 186 180 180 179 180 180 181 188 183 179 180 179 179 181 180 180 180 188 183 180 179 181 180 180 181 179 180 180 180 180 181 180 180 181 180 187 203 187 180 180 180 180 180 180 180 180 180 181 180 180 180 180 180 180 187 181 179 180 180 181 180 181 182 180 180 180 180 180 181 179 181 181 186 204 187 181 180 180 185 181 181 181 180 179 180 180 180 180 190 180 187 185 182 180 181 180 180 180 180 180 179 181 180 180 184 187 188 186 181 187 198 186 180 180 180 181 180 181 180 186 180 180 180 180 179 180 180 180 187 180 180 180 180 179 183 187 182 180 183 180 179 180 180 180 180 182 186 227 187 182 180 180 180 186 186 180 181 180 181 180 180 180 181 181 180 187 180
99 entries, whole-stage codegen on, largest stage method: 3674 bytes; steady after 4018 ms at a median of 400 ms over 107 queries
  ms per query: 1021 815 802 802 576 399 400 400 417 404 402 402 402 403 426 408 399 399 399 398 399 400 403 405 408 399 399 400 399 403 407 401 401 399 400 400 400 400 399 399 399 401 399 400 399 398 402 426 409 404 402 402 402 400 401 398 400 405 401 399 401 400 400 406 400 400 401 399 393 402 402 401 401 400 403 401 401 400 401 400 423 405 399 399 414 399 400 400 401 402 401 402 402 401 399 401 407 399 400 400 401 399 401 401 400 400 401
99 entries, whole-stage codegen off; steady after 40881 ms at a median of 242 ms over 183 queries
  ms per query: 425 247 241 242 242 283 247 249 241 241 242 241 241 242 251 242 241 245 241 241 249 241 241 241 242 241 241 243 241 242 242 249 241 241 241 241 248 306 247 242 241 241 241 243 242 242 252 242 242 242 242 241 247 243 242 242 242 252 242 241 241 242 242 241 243 241 241 242 250 269 248 241 242 241 254 241 242 241 250 244 242 242 246 241 247 243 242 253 242 241 242 242 241 246 243 241 241 244 241 242 248 292 248 242 242 242 241 242 242 241 241 241 241 241 241 242 250 246 242 242 243 242 241 241 241 241 241 241 243 242 250 241 252 274 247 241 247 242 242 241 241 241 243 241 241 241 245 241 259 243 252 242 241 241 243 242 251 241 242 245 241 242 242 247 249 267 248 245 244 242 242 241 247 242 244 241 242 241 243 241 248 242 242

================================================================================================
a new aggregate of n sums by a key of ten values, 45s back to back
================================================================================================

10 sums, whole-stage codegen on, largest stage method: 486 bytes; steady after 44457 ms at a median of 92 ms over 460 queries
  ms per query: 376 157 107 110 105 107 102 108 103 101 124 101 102 99 122 99 105 140 109 103 101 104 105 100 98 101 99 100 99 99 98 98 98 101 97 107 98 98 97 106 99 100 97 98 97 97 99 96 97 97 97 97 100 100 96 96 97 97 99 103 97 104 121 104 96 102 98 96 95 96 96 100 97 100 117 106 96 97 96 96 96 96 98 96 96 98 105 98 99 96 96 95 96 96 96 96 97 97 99 98 96 99 96 97 95 96 95 96 95 95 104 125 104 97 95 95 101 100 96 97 97 96 96 97 95 96 96 96 97 97 98 95 95 95 95 95 95 105 95 96 96 95 95 94 95 95 97 99 97 95 101 96 95 95 94 97 95 95 97 101 103 95 95 104 130 105 95 95 95 94 94 94 98 94 96 96 94 94 94 93 96 97 101 94 93 93 95 97 97 95 97 94 107 94 95 95 94 93 94 95 94 93 96 94 95 94 95 95 95 96 93 94 94 94 94 93 93 94 95 93 104 118 105 94 93 93 94 93 94 94 95 99 93 94 93 93 93 94 93 93 96 96 95 94 96 98 95 93 93 93 95 102 98 93 94 95 94 93 93 95 94 94 94 96 93 94 94 94 95 93 97 97 93 93 93 94 94 94 98 98 94 93 93 176 102 95 92 94 92 93 93 97 93 93 92 97 92 93 93 93 94 92 93 94 93 93 93 93 93 94 93 94 93 93 94 95 103 93 93 99 96 97 95 93 92 93 96 94 96 93 97 118 99 110 95 93 92 92 92 92 95 92 92 93 92 92 92 93 93 101 129 101 92 92 94 92 92 92 93 96 92 92 92 92 92 96 92 92 92 92 94 92 97 96 93 92 94 93 94 92 92 96 93 97 104 92 95 92 92 92 92 96 93 92 93 92 92 94 96 93 92 92 92 93 93 92 92 92 93 92 92 91 92 92 100 92 97 92 104 118 100 93 92 92 92 93 94 92 114 92 98 93 93 92 93 93 94 92 92 108 95 93 93 92 93 93 92 93 93 94 92 92 92 105 93 93 92 92 92 92
10 sums, whole-stage codegen off; steady after 38648 ms at a median of 122 ms over 358 queries
  ms per query: 400 165 124 124 124 123 140 124 132 123 123 123 124 125 125 124 124 122 124 123 123 123 125 124 123 124 133 161 132 124 123 124 126 122 123 123 123 123 123 126 136 124 124 122 122 126 123 124 123 124 122 123 123 123 123 123 123 163 124 126 131 125 122 123 122 122 122 122 122 123 123 127 126 132 123 123 122 123 124 124 130 123 122 122 129 124 123 122 122 124 123 122 122 123 123 136 152 132 122 123 123 123 122 122 124 123 121 124 123 123 122 123 123 122 124 122 123 123 122 122 123 124 129 123 122 123 125 123 123 131 125 125 123 123 123 162 123 123 123 123 122 122 123 123 122 122 122 122 124 122 122 123 123 129 122 123 124 124 123 122 122 122 122 122 135 166 131 122 124 122 122 123 123 121 122 123 122 122 123 123 123 123 124 123 123 123 123 124 123 124 123 122 122 123 122 123 123 122 135 134 124 123 124 123 122 122 123 122 122 122 122 131 123 124 122 125 124 125 122 123 122 125 122 123 123 122 123 123 122 124 122 123 123 133 158 131 123 123 122 122 122 122 123 122 123 123 123 122 122 122 124 122 124 124 124 123 123 125 122 122 122 121 122 123 122 123 123 122 122 135 124 123 126 122 122 122 121 132 125 121 127 122 123 121 122 124 123 123 122 122 122 123 124 122 142 123 147 126 124 122 124 141 122 122 131 153 130 122 126 122 122 121 122 121 130 123 123 125 125 130 123 123 124 124 122 122 121 122 123 123 123 122 122 122 122 121 122 122 122 134 134 125 121 121 122 122 121 121 122 125 121 122 122 122 123 122 122 121
20 sums, whole-stage codegen on, largest stage method: 906 bytes; steady after 43530 ms at a median of 139 ms over 316 queries
  ms per query: 280 225 141 140 139 139 138 138 138 139 139 138 139 139 184 146 139 138 138 139 141 139 139 143 143 171 140 145 142 140 139 152 140 140 157 142 139 141 139 139 139 140 140 171 140 140 141 140 139 140 139 140 140 140 140 139 139 139 139 139 140 140 139 139 140 140 142 141 142 139 139 139 178 146 158 140 139 139 139 140 140 140 140 140 142 147 139 140 203 139 139 142 139 149 141 149 139 139 140 139 152 142 139 139 140 139 140 139 139 139 139 139 140 139 139 140 140 140 140 140 139 139 139 139 140 139 139 139 139 140 175 146 139 139 138 141 141 141 139 139 140 139 139 139 139 139 159 140 139 139 149 139 140 139 140 139 140 140 148 143 140 139 139 138 140 139 139 140 139 139 138 140 139 139 143 139 139 155 139 140 140 140 139 139 142 148 139 142 180 146 139 139 138 139 146 140 139 139 139 140 139 140 140 139 139 139 139 139 139 139 139 139 139 139 140 139 140 150 139 138 138 140 140 139 141 139 139 139 139 139 139 139 140 140 139 140 139 139 139 138 139 139 139 140 139 141 183 147 140 148 139 139 139 139 139 140 139 138 139 139 139 139 138 138 139 139 139 139 139 148 139 141 140 139 139 150 139 142 139 139 142 139 139 139 141 139 139 139 139 140 138 139 139 139 139 142 139 149 144 139 139 139 139 138 179 146 139 140 139 139 139 139 139 139 139 138
20 sums, whole-stage codegen off; steady after 45248 ms at a median of 211 ms over 211 queries
  ms per query: 406 297 209 208 208 210 209 208 210 208 209 208 208 209 208 219 208 208 208 208 209 212 212 211 211 211 211 211 211 211 211 211 210 211 211 211 212 211 211 212 211 217 212 211 247 218 211 215 218 211 211 211 215 212 211 212 211 210 211 211 211 211 212 211 211 216 211 211 211 212 211 223 211 212 212 210 210 212 211 211 214 211 212 211 213 211 211 210 214 211 211 211 211 213 214 211 211 212 211 223 236 220 210 212 210 211 211 210 212 211 212 211 212 211 211 211 212 211 211 210 210 212 211 211 211 212 211 221 211 212 211 212 211 211 218 211 211 210 224 212 211 211 210 213 211 211 216 210 211 213 210 210 211 210 223 255 218 211 211 211 210 218 211 211 211 211 211 211 211 211 210 211 211 213 210 218 211 219 211 211 212 211 221 211 211 211 214 213 210 211 212 212 211 229 210 211 211 213 211 212 211 211 211 211 222 211 211 210 211 222 254
40 sums, whole-stage codegen on, largest stage method: 1746 bytes; steady after 40834 ms at a median of 248 ms over 179 queries
  ms per query: 414 348 253 266 255 254 262 271 256 254 254 258 262 259 253 253 253 253 270 254 253 253 254 255 247 245 247 245 246 247 247 247 248 246 247 245 248 252 249 258 274 255 247 247 248 247 247 247 247 246 246 251 247 256 247 248 247 254 247 247 257 247 249 246 267 247 247 246 247 247 246 247 246 253 243 245 243 246 246 245 255 272 253 248 255 246 248 246 248 247 247 252 249 246 250 251 247 247 245 246 245 257 245 247 247 247 246 246 248 247 245 246 246 246 248 246 246 247 246 246 246 280 253 246 247 246 247 246 245 247 247 246 246 246 246 247 247 246 247 254 258 246 246 249 247 247 246 246 246 264 246 247 246 247 245 247 248 246 247 246 268 276 253 249 248 247 247 248 247 247 248 250 250 248 246 248 246 245 247
40 sums, whole-stage codegen off; steady after 1149 ms at a median of 493 ms over 91 queries
  ms per query: 569 580 493 497 499 492 493 493 493 493 494 493 493 493 493 493 493 493 493 499 524 500 493 493 492 494 493 494 492 497 492 493 494 493 492 493 493 497 498 507 506 501 500 493 492 493 492 495 492 494 493 493 503 494 496 505 493 493 530 499 492 494 493 493 493 495 492 492 494 492 493 494 492 494 492 492 504 497 493 492 492 493 495 493 493 492 493 511 492 492 492
60 sums, whole-stage codegen on, largest stage method: 2586 bytes; steady after 45029 ms at a median of 357 ms over 124 queries
  ms per query: 629 491 368 384 365 359 358 357 358 358 357 358 358 358 361 357 358 358 368 360 361 360 359 358 358 356 355 356 357 357 357 356 356 389 364 360 357 358 356 355 355 356 357 357 356 356 356 360 366 355 355 355 356 399 357 357 357 358 356 355 356 355 356 390 363 355 367 356 355 358 359 358 357 359 355 358 356 356 371 355 356 362 356 357 359 356 356 356 368 356 355 357 358 386 364 355 357 359 358 355 355 355 356 357 355 356 356 357 366 357 356 356 356 358 357 357 357 356 356 356 357 355 356 395
60 sums, whole-stage codegen off; steady after 1980 ms at a median of 755 ms over 59 queries
  ms per query: 1093 886 752 752 752 754 753 751 752 753 752 756 780 757 753 752 752 752 753 756 752 752 771 751 751 751 784 758 753 752 752 752 752 755 754 753 781 753 751 753 773 759 753 753 751 752 757 753 752 757 754 755 753 754 787 758 753 753 759

