================================================================================================
a new projection of n entries id + k, 45s back to back, 1000000 rows
================================================================================================

25 entries, whole-stage codegen on, largest stage method: 936 bytes; steady after 17114 ms at a median of 68 ms over 524 queries
  ms per query: 282 124 114 116 117 113 130 137 118 117 105 105 108 109 103 106 106 95 98 113 99 143 105 101 93 103 94 90 95 102 94 98 102 101 91 93 94 104 109 97 94 100 96 86 92 125 92 87 94 89 88 86 94 91 131 123 124 185 110 119 128 126 167 135 125 112 109 107 110 100 136 109 140 124 116 147 114 122 122 113 110 112 125 179 128 96 122 109 113 122 115 118 108 106 117 113 110 117 118 115 110 119 124 120 146 119 125 126 135 121 119 119 112 129 97 105 113 110 125 128 118 101 107 111 140 120 116 114 112 112 125 110 122 114 108 108 116 115 111 116 108 119 85 71 78 74 75 80 75 73 82 75 76 74 78 73 78 72 71 75 75 75 73 74 81 75 78 80 82 87 81 75 74 75 73 73 78 72 75 73 73 73 78 75 76 74 82 88 82 91 96 93 90 83 75 72 75 75 86 81 76 75 76 79 85 78 76 73 74 76 90 89 80 77 73 79 86 87 73 78 73 75 88 83 73 74 72 78 84 81 78 74 81 85 82 86 80 73 72 72 79 70 81 91 73 74 70 78 78 81 80 71 69 75 77 83 86 74 74 71 72 88 78 71 76 72 73 84 79 72 70 69 70 69 87 88 73 71 69 70 70 80 79 70 74 71 69 67 80 80 70 73 69 69 73 79 87 74 72 72 73 69 89 84 71 71 73 71 71 83 79 69 74 71 72 73 78 82 72 69 70 71 69 79 79 72 73 71 77 71 79 76 71 70 72 69 71 79 77 74 69 69 71 76 82 80 70 76 71 70 71 81 86 72 71 69 72 73 86 95 82 80 78 72 70 91 88 72 70 69 70 70 78 77 69 69 69 72 70 71 78 77 69 68 74 75 70 68 78 79 72 71 77 70 69 69 79 77 68 74 69 68 70 69 78 79 71 71 69 69 83 75 78 80 76 79 67 69 69 68 78 77 72 74 79 75 76 73 82 79 71 69 67 68 71 71 80 79 72 68 69 68 74 69 82 81 69 71 69 68 69 70 80 77 68 67 82 74 67 73 81 78 69 69 70 69 68 73 79 75 67 67 67 66 67 69 79 76 66 67 67 68 66 67 80 78 72 73 77 76 77 69 78 77 66 68 68 67 68 71 77 75 66 67 67 67 67 69 80 78 70 68 69 67 67 67 77 78 68 67 69 67 69 67
25 entries, whole-stage codegen off; steady after 0 ms at a median of 154 ms over 286 queries
  ms per query: 237 167 155 166 163 161 156 161 163 161 154 158 158 155 155 157 170 161 153 154 159 155 154 156 166 163 153 153 163 160 155 154 164 159 154 154 155 154 155 153 162 161 153 160 156 155 153 153 163 162 156 153 153 154 162 153 163 170 154 156 159 153 154 153 165 167 153 155 152 152 152 154 163 161 153 154 153 153 156 157 164 161 153 152 161 154 153 155 164 167 161 160 160 163 157 154 163 162 155 152 155 152 161 154 165 161 156 156 154 153 153 155 162 164 157 154 153 154 153 155 167 161 157 158 161 162 162 161 163 164 162 155 156 154 154 157 163 160 158 155 155 159 154 152 162 161 158 153 153 154 153 153 163 172 156 153 154 153 155 152 164 168 153 153 155 153 158 152 164 160 153 152 153 152 159 155 163 161 154 153 153 154 151 154 160 159 153 152 152 152 154 152 162 163 153 152 152 152 153 152 162 159 153 154 151 153 153 158 165 160 153 153 152 153 152 154 162 164 152 160 157 157 154 154 166 161 155 152 154 154 153 152 165 163 152 152 153 152 153 159 167 170 156 153 152 153 153 155 163 162 153 153 159 156 153 153 163 161 153 153 155 154 153 152 163 160 155 152 153 152 154 153 165 161 152 152 154 153 155 153 167 161 155 152 152 152
50 entries, whole-stage codegen on, largest stage method: 1861 bytes; steady after 0 ms at a median of 363 ms over 122 queries
  ms per query: 549 371 376 371 364 361 367 363 365 362 373 370 365 363 364 364 375 365 373 374 409 365 362 362 361 367 374 372 367 365 367 364 362 366 372 372 365 364 362 368 361 363 370 376 363 361 367 361 362 365 381 371 361 361 403 364 376 366 374 375 362 376 380 373 371 364 374 370 362 364 362 363 365 362 371 371 362 363 363 362 362 369 374 371 363 362 362 361 368 363 387 370 363 367 363 364 363 363 376 371 369 365 363 364 366 364 378 371 362 362 361 364 362 363 370 372 363 362 364 365 363 363
50 entries, whole-stage codegen off; steady after 0 ms at a median of 275 ms over 161 queries
  ms per query: 415 284 276 280 275 274 276 277 288 286 275 274 276 274 276 275 284 284 276 276 276 273 276 276 287 290 285 275 274 275 276 277 288 283 275 278 274 275 275 275 285 291 275 272 277 305 276 273 285 286 282 276 278 277 273 275 287 283 273 275 273 277 274 274 292 285 276 279 283 284 278 275 284 281 275 274 275 274 277 276 291 285 278 280 275 278 275 274 287 282 275 277 275 276 279 273 283 282 277 276 276 276 276 274 285 284 274 274 278 277 276 274 286 281 275 277 279 276 277 279 295 287 278 280 281 275 275 277 285 283 274 280 278 275 280 275 293 282 275 275 275 274 275 276 284 287 279 276 276 281 275 275 287 285 274 274 275 274 282 272 285
75 entries, whole-stage codegen on, largest stage method: 2786 bytes; steady after 0 ms at a median of 566 ms over 78 queries
  ms per query: 914 566 562 562 576 565 566 572 573 564 563 563 561 561 563 571 570 564 563 564 558 564 640 576 574 562 562 564 564 565 563 581 571 564 951 573 575 564 574 570 563 561 561 564 564 572 568 567 566 566 563 565 572 573 575 564 565 563 566 573 584 565 563 567 564 567 581 571 562 567 566 564 564 577 571 563 564 569
75 entries, whole-stage codegen off; steady after 0 ms at a median of 401 ms over 112 queries
  ms per query: 695 398 408 405 400 399 399 397 398 408 404 396 400 399 403 400 409 407 396 397 398 398 399 408 407 397 399 403 400 397 408 407 397 398 397 398 397 409 404 398 396 396 396 401 407 405 396 400 398 401 397 409 407 398 403 398 400 395 408 409 397 400 405 400 400 408 404 400 399 398 403 398 409 405 399 400 398 406 400 410 411 401 398 406 400 402 420 407 399 398 399 402 398 407 405 397 403 405 406 400 410 411 400 398 399 402 401 410 402 407 397 399
99 entries, whole-stage codegen on, largest stage method: 3674 bytes; steady after 2796 ms at a median of 795 ms over 54 queries
  ms per query: 1562 1234 1246 1043 799 791 792 796 826 803 803 796 790 802 792 792 800 905 792 798 796 791 790 801 796 793 796 797 796 797 819 805 800 800 795 796 794 808 828 798 798 799 790 792 808 801 794 793 795 790 793 800 799 793
99 entries, whole-stage codegen off; steady after 0 ms at a median of 517 ms over 86 queries
  ms per query: 747 520 521 519 536 529 518 522 517 522 520 528 527 516 521 521 524 518 536 525 522 519 518 492 518 527 524 518 521 514 529 515 534 525 517 519 519 523 520 528 530 523 525 517 522 519 528 536 523 519 516 517 518 532 525 517 517 515 516 515 527 526 517 517 515 544 520 535 530 516 515 515 515 515 526 521 515 516 517 516 521 531 523 517 513 516

================================================================================================
a new aggregate of n sums by a key of ten values, 45s back to back
================================================================================================

10 sums, whole-stage codegen on, largest stage method: 486 bytes; steady after 1212 ms at a median of 119 ms over 357 queries
  ms per query: 378 383 157 142 152 137 128 131 128 126 127 134 125 126 136 129 135 125 128 127 128 129 137 130 133 126 127 125 131 125 121 124 125 135 128 130 129 183 122 123 127 121 157 123 122 121 128 178 134 121 122 123 130 126 125 124 122 123 129 128 123 127 122 121 122 123 122 121 123 122 125 125 130 123 126 121 120 122 121 123 130 122 122 128 124 123 121 130 123 124 125 131 121 120 121 121 121 168 134 120 121 120 120 120 121 121 121 122 120 126 124 119 121 121 122 123 128 128 121 122 125 123 125 130 122 120 120 122 125 124 126 123 126 123 129 122 120 120 122 121 124 120 127 120 123 123 121 129 145 121 122 164 132 130 129 119 118 118 129 119 118 120 118 119 124 124 122 120 118 119 119 124 124 119 127 124 122 128 120 123 135 125 124 119 119 131 124 120 120 120 121 122 123 120 120 121 121 119 125 120 121 121 125 132 125 123 124 124 120 121 160 134 124 129 125 121 121 124 127 120 120 120 126 121 121 123 119 120 119 119 121 129 126 119 120 120 120 120 120 121 121 122 138 120 130 124 122 120 119 120 127 122 120 122 124 124 120 124 122 121 122 123 123 127 125 126 121 122 118 119 124 119 122 119 128 153 138 122 119 123 119 119 125 118 119 120 117 118 118 118 119 118 118 121 121 121 122 117 131 119 120 124 118 124 118 129 118 119 121 132 119 118 118 118 119 119 119 120 120 124 122 126 120 119 118 121 121 121 121 121 123 121 119 119 121 119 121 119 119 118 119 124 125 135 184 139 118 118 118 117 118 120 119 120 125 118 120
10 sums, whole-stage codegen off; steady after 0 ms at a median of 170 ms over 255 queries
  ms per query: 834 219 175 172 179 173 171 174 187 177 174 174 172 172 172 179 175 171 181 170 188 173 178 172 185 170 179 171 170 183 191 176 177 171 173 173 173 172 170 172 174 171 176 174 171 172 170 171 174 171 173 173 178 181 174 238 183 170 178 172 174 169 172 170 172 170 171 169 170 180 179 172 172 169 172 174 178 169 181 171 171 171 172 173 170 172 173 171 178 172 171 172 172 171 173 172 171 173 171 173 170 173 169 171 192 172 171 176 173 170 222 172 186 185 169 181 171 171 172 171 170 171 173 186 200 190 170 172 175 171 169 174 169 174 168 170 173 172 173 171 171 171 172 183 172 172 171 186 171 171 171 174 172 169 172 178 180 184 172 169 170 169 169 170 170 176 188 173 169 169 170 204 174 171 181 170 171 171 171 173 171 178 170 169 169 172 169 185 169 170 174 169 179 215 181 170 169 170 170 169 171 170 172 170 171 173 170 175 170 170 169 169 170 175 169 177 170 171 173 170 169 168 168 169 170 185 179 173 168 169 170 169 169 169 170 168 170 168 169 169 169 168 169 168 170 192 168 170 169 169 171 169 169 170 182
20 sums, whole-stage codegen on, largest stage method: 906 bytes; steady after 0 ms at a median of 186 ms over 234 queries
  ms per query: 884 343 189 180 194 215 203 184 183 188 184 188 182 185 180 182 187 189 186 198 180 180 178 183 191 186 187 187 187 186 185 184 187 204 186 186 194 194 187 187 187 186 189 187 185 185 186 188 188 188 186 188 187 187 187 188 186 186 187 189 186 188 189 241 200 190 187 187 191 186 189 191 187 189 196 190 186 187 188 188 190 187 187 186 187 187 193 186 187 187 188 199 188 186 187 189 185 185 193 187 186 189 186 186 186 196 191 188 191 187 187 190 186 188 187 191 187 185 187 187 229 199 186 188 187 186 194 187 187 185 187 187 187 188 186 185 186 187 189 187 190 186 187 189 191 188 190 197 198 186 185 185 187 187 192 190 190 188 186 186 186 189 184 190 191 187 186 184 185 185 187 186 185 188 185 186 195 229 197 188 187 187 186 186 185 186 185 186 185 185 185 189 186 186 187 186 186 186 185 185 185 187 186 186 189 198 185 188 186 185 187 186 196 186 195 188 187 186 185 186 190 186 185 185 186 185 186 187 192 187 185 184 185 199
20 sums, whole-stage codegen off; steady after 0 ms at a median of 309 ms over 145 queries
  ms per query: 716 382 304 302 308 315 311 310 305 306 305 304 306 306 306 306 305 307 302 302 304 303 304 304 303 305 316 304 303 304 304 303 302 326 302 305 305 309 321 327 303 306 303 308 334 312 309 308 306 306 307 308 305 345 318 305 305 307 304 302 303 303 306 307 303 303 303 305 305 305 303 303 306 305 305 303 302 303 306 311 322 308 303 302 304 304 304 310 308 303 305 305 307 303 303 304 303 306 305 304 303 302 304 303 303 304 303 339 314 303 304 305 305 306 304 306 306 305 306 309 303 306 306 311 307 308 387 309 312 314 311 311 308 315 310 310 319 307 320 308 309 314 308 308 309
40 sums, whole-stage codegen on, largest stage method: 1746 bytes; steady after 0 ms at a median of 361 ms over 122 queries
  ms per query: 963 555 395 364 360 368 361 361 362 361 362 394 371 359 360 416 363 362 365 360 360 365 363 365 364 358 360 359 362 360 368 360 367 360 360 360 358 367 362 360 361 358 364 362 359 360 362 363 361 364 363 404 371 358 360 358 359 359 358 363 363 361 361 361 359 360 359 363 360 358 367 362 360 358 359 358 362 366 363 361 362 360 362 360 361 363 360 360 446 358 360 393 371 361 358 359 359 360 361 357 360 359 359 360 359 359 366 361 363 359 370 359 359 360 359 362 360 364 362 372 361 359
40 sums, whole-stage codegen off; steady after 0 ms at a median of 573 ms over 78 queries
  ms per query: 844 703 573 573 582 570 572 582 598 582 574 573 572 583 571 571 570 586 571 575 573 580 575 575 608 578 584 579 572 574 573 578 572 578 574 572 572 579 572 574 572 575 573 575 592 599 582 574 574 572 580 589 574 575 573 573 572 575 577 575 574 580 569 580 575 571 572 573 572 575 572 573 572 573 574 572 572 573
60 sums, whole-stage codegen on, largest stage method: 2586 bytes; steady after 1062 ms at a median of 521 ms over 85 queries
  ms per query: 1062 879 580 527 516 515 517 521 515 515 516 519 519 515 518 517 514 535 513 517 516 515 515 524 519 515 518 521 516 518 515 515 559 536 516 517 519 552 516 516 518 526 521 514 525 526 515 522 515 517 515 523 519 518 519 516 518 521 515 517 517 516 557 529 518 518 516 518 546 519 521 534 515 518 518 523 522 524 521 517 515 527 516 517 519
60 sums, whole-stage codegen off; steady after 0 ms at a median of 824 ms over 54 queries
  ms per query: 1218 1059 822 824 824 829 849 832 837 819 821 861 823 820 821 860 820 820 824 826 829 832 831 844 843 829 821 819 829 824 827 821 823 831 850 834 826 821 824 823 827 821 819 830 820 821 823 829 830 824 820 826 834 821

