================================================================================================
Bytecode sizes of the methods vanilla Spark generates, over its own query suites
================================================================================================

JVM: OpenJDK 64-Bit Server VM 25.0.4.1+1-1-26.04.4-Ubuntu
Every method of every class Spark compiled, once per distinct generated class.
HotSpot does not compile a method past 8000 bytes; the JVM refuses one of 64 KB.

SQL golden files (SQLQueryTestSuite): 331256 methods
tests: 787 succeeded, 1 failed, 0 canceled; failed: udtf/udtf.sql - Python UDTFs
bytes              methods     share  cumulative
0-99                257121   77.620%     77.620%
100-249              61255   18.492%     96.112%
250-499              11030    3.330%     99.442%
500-999               1524    0.460%     99.902%
1000-1999              298    0.090%     99.992%
2000-3999               26    0.008%     99.999%
4000-8000                2    0.001%    100.000%
8001-16000               0    0.000%    100.000%
16001-32000              0    0.000%    100.000%
32001-65535              0    0.000%    100.000%
median 26, p90 171, p99 395, p99.9 990, largest 6704; past 8000 bytes: 0

TPC-DS (TPCDSQuerySuite): 17436 methods
tests: 150 succeeded, 0 failed, 0 canceled
bytes              methods     share  cumulative
0-99                 10062   57.708%     57.708%
100-249               5315   30.483%     88.191%
250-499               1594    9.142%     97.333%
500-999                393    2.254%     99.587%
1000-1999               59    0.338%     99.925%
2000-3999                9    0.052%     99.977%
4000-8000                3    0.017%     99.994%
8001-16000               1    0.006%    100.000%
16001-32000              0    0.000%    100.000%
32001-65535              0    0.000%    100.000%
median 63, p90 273, p99 758, p99.9 1844, largest 12450; past 8000 bytes: 1

TPC-H (TPCHQuerySuite): 1322 methods
tests: 22 succeeded, 0 failed, 0 canceled
bytes              methods     share  cumulative
0-99                   828   62.632%     62.632%
100-249                374   28.290%     90.923%
250-499                 99    7.489%     98.411%
500-999                 18    1.362%     99.773%
1000-1999                2    0.151%     99.924%
2000-3999                1    0.076%    100.000%
4000-8000                0    0.000%    100.000%
8001-16000               0    0.000%    100.000%
16001-32000              0    0.000%    100.000%
32001-65535              0    0.000%    100.000%
median 50, p90 242, p99 548, p99.9 1340, largest 2533; past 8000 bytes: 0

SSB (SSBQuerySuite): 370 methods
tests: 13 succeeded, 0 failed, 0 canceled
bytes              methods     share  cumulative
0-99                   231   62.432%     62.432%
100-249                110   29.730%     92.162%
250-499                 19    5.135%     97.297%
500-999                 10    2.703%    100.000%
1000-1999                0    0.000%    100.000%
2000-3999                0    0.000%    100.000%
4000-8000                0    0.000%    100.000%
8001-16000               0    0.000%    100.000%
16001-32000              0    0.000%    100.000%
32001-65535              0    0.000%    100.000%
median 50, p90 232, p99 619, p99.9 763, largest 763; past 8000 bytes: 0

all: 350384 methods
bytes              methods     share  cumulative
0-99                268242   76.557%     76.557%
100-249              67054   19.137%     95.694%
250-499              12742    3.637%     99.330%
500-999               1945    0.555%     99.886%
1000-1999              359    0.102%     99.988%
2000-3999               36    0.010%     99.998%
4000-8000                5    0.001%    100.000%
8001-16000               1    0.000%    100.000%
16001-32000              0    0.000%    100.000%
32001-65535              0    0.000%    100.000%
median 27, p90 179, p99 425, p99.9 1067, largest 12450; past 8000 bytes: 1

Every size with its count, over all families (bytes methods):
1 14932
2 32
5 52865
6 5645
7 4790
8 2
9 14700
10 47814
11 76
12 67
13 49
14 34
15 4928
16 69
17 270
18 246
19 1518
20 194
21 16
22 142
23 21268
24 2114
25 11
26 272
27 3344
28 254
29 1842
30 599
31 1517
32 585
33 8463
34 4256
35 1809
36 5840
37 1506
38 8808
39 3790
40 2458
41 892
42 524
43 123
44 666
45 361
46 315
47 3725
48 2290
49 2943
50 1847
51 720
52 1196
53 903
54 605
55 1367
56 6272
57 949
58 479
59 370
60 171
61 183
62 361
63 669
64 1177
65 1266
66 785
67 955
68 618
69 556
70 206
71 194
72 308
73 1514
74 539
75 344
76 667
77 166
78 2184
79 303
80 507
81 666
82 959
83 635
84 643
85 959
86 599
87 303
88 288
89 207
90 224
91 185
92 2510
93 329
94 386
95 287
96 492
97 266
98 583
99 376
100 1030
101 554
102 218
103 498
104 384
105 853
106 445
107 343
108 960
109 574
110 814
111 1253
112 770
113 698
114 387
115 550
116 572
117 370
118 577
119 230
120 1903
121 271
122 250
123 478
124 235
125 228
126 710
127 580
128 1091
129 1854
130 966
131 450
132 343
133 2865
134 971
135 410
136 1643
137 464
138 546
139 476
140 1060
141 591
142 446
143 186
144 204
145 838
146 1171
147 1118
148 842
149 545
150 420
151 368
152 230
153 408
154 210
155 442
156 393
157 241
158 316
159 367
160 974
161 223
162 368
163 686
164 320
165 447
166 373
167 379
168 283
169 821
170 175
171 350
172 250
173 280
174 556
175 374
176 416
177 343
178 192
179 182
180 1059
181 582
182 223
183 217
184 167
185 230
186 251
187 639
188 240
189 287
190 336
191 152
192 150
193 372
194 284
195 511
196 189
197 270
198 125
199 279
200 137
201 137
202 252
203 339
204 153
205 255
206 194
207 188
208 312
209 228
210 171
211 167
212 154
213 161
214 234
215 213
216 197
217 152
218 194
219 108
220 191
221 135
222 218
223 110
224 115
225 112
226 279
227 190
228 245
229 104
230 195
231 103
232 154
233 312
234 103
235 115
236 326
237 113
238 103
239 91
240 184
241 202
242 214
243 105
244 2958
245 1621
246 83
247 251
248 220
249 191
250 156
251 203
252 143
253 88
254 101
255 117
256 106
257 133
258 64
259 68
260 150
261 174
262 107
263 96
264 104
265 78
266 106
267 191
268 157
269 113
270 46
271 133
272 295
273 81
274 145
275 77
276 51
277 86
278 127
279 59
280 71
281 145
282 247
283 139
284 94
285 142
286 87
287 173
288 111
289 103
290 89
291 80
292 159
293 78
294 60
295 80
296 157
297 121
298 82
299 91
300 79
301 229
302 55
303 91
304 66
305 60
306 37
307 39
308 98
309 70
310 85
311 48
312 56
313 141
314 39
315 28
316 60
317 187
318 152
319 64
320 90
321 86
322 57
323 31
324 25
325 72
326 38
327 98
328 43
329 59
330 122
331 40
332 56
333 48
334 74
335 64
336 62
337 61
338 64
339 100
340 55
341 74
342 83
343 29
344 15
345 41
346 52
347 70
348 41
349 15
350 12
351 23
352 75
353 36
354 38
355 28
356 40
357 36
358 30
359 20
360 26
361 33
362 15
363 36
364 13
365 37
366 26
367 11
368 34
369 28
370 31
371 26
372 18
373 23
374 185
375 38
376 39
377 32
378 56
379 31
380 44
381 5
382 23
383 19
384 26
385 35
386 17
387 29
388 30
389 53
390 21
391 29
392 56
393 24
394 55
395 23
396 33
397 27
398 32
399 30
400 27
401 12
402 19
403 60
404 17
405 26
406 28
407 40
408 24
409 25
410 13
411 12
412 19
413 36
414 15
415 24
416 9
417 11
418 25
419 24
420 19
421 19
422 16
423 14
424 34
425 23
426 24
427 11
428 7
429 19
430 12
431 44
432 17
433 21
434 18
435 51
436 11
437 10
438 19
439 30
440 8
441 17
442 15
443 55
444 19
445 14
446 10
447 17
448 36
449 6
450 33
451 25
452 16
453 8
454 4
455 14
456 8
457 9
458 8
459 8
460 12
461 12
462 3
463 4
464 4
465 13
466 26
467 7
468 15
469 18
470 13
471 6
472 30
473 11
474 32
475 22
476 10
477 6
478 8
479 18
480 16
481 26
482 1
483 15
484 18
485 5
486 11
487 8
488 22
489 2
490 11
491 4
492 21
493 7
494 20
495 18
496 22
497 12
498 5
499 13
500 11
501 3
502 14
503 10
504 3
505 53
506 12
507 31
508 4
509 23
511 5
512 4
513 2
514 10
515 5
516 9
517 7
518 2
519 9
520 3
521 18
522 4
523 2
524 6
525 8
526 8
527 10
528 7
529 11
531 1
532 87
533 1
534 5
535 2
536 12
537 8
539 2
540 10
541 4
542 4
543 7
544 21
545 6
546 16
547 12
548 10
549 1
550 10
551 2
552 8
554 3
555 16
556 6
557 2
558 2
559 6
560 9
561 1
562 5
563 4
564 7
565 6
566 14
567 6
568 13
569 4
570 12
571 4
573 1
574 4
575 19
576 9
577 10
578 2
579 14
580 2
581 8
582 7
583 2
584 7
585 15
586 4
587 12
588 5
589 10
590 10
591 3
592 2
593 4
595 2
597 2
598 13
599 2
600 8
601 10
602 4
604 6
605 3
606 32
607 1
608 3
609 8
610 4
611 12
612 19
613 26
614 9
615 6
616 7
618 3
619 4
620 2
621 2
622 6
624 3
625 1
626 3
627 22
628 4
630 4
631 5
632 2
633 9
634 7
635 2
636 8
637 2
638 2
640 2
641 1
642 7
643 2
644 13
646 8
647 3
648 6
650 5
651 6
652 4
653 1
654 4
655 3
656 5
657 4
659 1
660 8
661 7
662 3
663 3
664 6
665 16
666 6
667 2
668 2
669 4
670 10
671 4
672 7
673 12
674 2
675 8
676 6
678 15
679 8
680 4
682 2
683 4
684 8
685 2
687 3
688 4
690 2
691 6
692 1
693 2
696 4
697 5
698 5
700 2
701 6
702 4
703 2
704 6
705 4
706 7
707 12
708 1
709 2
710 1
711 2
712 1
713 2
715 2
717 2
718 1
721 3
722 6
723 10
724 2
725 1
726 6
728 1
729 4
733 3
734 1
735 10
736 2
737 13
738 28
739 7
741 2
743 48
744 5
745 9
746 1
747 2
748 4
749 1
755 2
756 5
757 5
758 10
759 2
761 4
762 12
763 3
765 1
767 16
768 4
771 2
772 2
774 1
776 1
777 4
778 2
779 2
782 2
785 4
786 2
787 4
790 1
792 2
794 5
795 4
796 8
797 2
799 2
802 4
805 4
807 4
809 2
810 8
811 2
812 2
814 5
815 6
816 4
818 7
820 5
821 2
822 1
823 2
824 1
825 4
826 2
829 4
831 2
832 1
836 7
837 2
838 2
839 4
843 6
844 1
845 2
846 2
849 3
850 3
852 3
853 4
854 4
855 4
860 14
864 4
866 2
868 4
873 2
874 2
876 2
879 2
881 1
887 2
888 1
889 2
890 2
892 2
893 4
896 4
898 2
901 2
902 1
903 16
904 2
905 12
908 1
910 5
914 4
918 2
919 2
922 2
925 2
937 4
938 2
941 3
942 2
944 1
946 4
947 2
948 2
952 4
954 6
957 3
961 2
968 2
969 2
971 2
972 1
973 2
974 2
984 2
988 1
990 12
992 2
993 1
999 2
1008 2
1010 2
1011 2
1012 6
1013 4
1017 2
1019 1
1022 1
1033 2
1034 2
1038 1
1039 2
1044 2
1045 2
1055 1
1056 3
1058 2
1059 1
1062 1
1063 4
1065 6
1067 4
1074 2
1076 4
1077 7
1078 2
1079 2
1080 6
1083 2
1085 2
1086 14
1089 2
1091 2
1102 2
1108 2
1122 2
1125 7
1130 1
1140 2
1147 1
1149 3
1155 2
1165 3
1166 1
1171 1
1175 2
1181 4
1186 4
1190 1
1192 1
1197 2
1200 2
1204 2
1211 1
1215 4
1223 2
1224 2
1225 2
1227 4
1230 2
1235 1
1236 2
1238 1
1241 1
1247 4
1251 2
1252 2
1254 2
1264 2
1265 4
1267 2
1270 1
1271 2
1272 2
1279 3
1280 1
1306 1
1313 2
1314 2
1315 2
1317 2
1325 3
1331 2
1335 1
1336 2
1337 2
1340 1
1350 2
1351 10
1352 2
1353 2
1356 2
1364 1
1369 2
1373 1
1393 1
1394 2
1395 2
1414 1
1417 1
1419 2
1424 2
1426 4
1427 4
1429 1
1433 8
1435 4
1437 6
1438 2
1453 2
1459 2
1462 2
1471 2
1482 2
1513 4
1516 2
1519 1
1525 2
1544 4
1567 1
1587 2
1591 4
1595 1
1612 4
1630 2
1637 4
1651 4
1665 4
1752 3
1777 1
1784 2
1790 1
1804 2
1807 1
1817 1
1826 4
1830 1
1833 1
1844 1
1857 1
1899 6
1904 6
1923 2
1964 2
1993 1
2006 4
2083 2
2092 2
2101 1
2145 1
2237 2
2288 2
2406 2
2477 2
2508 2
2533 1
3167 2
3245 2
3254 2
3329 1
3389 2
3630 1
3884 3
3895 2
4900 1
4962 1
5488 1
6704 2
12450 1
